[gd_scene load_steps=26 format=3 uid="uid://caxg5topo2eso"]

[ext_resource type="PackedScene" uid="uid://jthsgb5uijnn" path="res://Asset/Model/Knight.glb" id="1_ycxol"]
[ext_resource type="Script" path="res://Character/Knight.gd" id="2_frb1n"]

[sub_resource type="CapsuleShape3D" id="CapsuleShape3D_hkoki"]
height = 2.4

[sub_resource type="AnimationNodeAnimation" id="AnimationNodeAnimation_3i1p7"]
animation = &"1H_Melee_Attack_Slice_Diagonal"

[sub_resource type="AnimationNodeAnimation" id="AnimationNodeAnimation_lvda8"]
animation = &"Idle"

[sub_resource type="AnimationNodeAnimation" id="AnimationNodeAnimation_4g1mt"]
animation = &"Running_A"

[sub_resource type="AnimationNodeAnimation" id="AnimationNodeAnimation_o583c"]
animation = &"Running_Strafe_Right"

[sub_resource type="AnimationNodeAnimation" id="AnimationNodeAnimation_vhrh7"]
animation = &"Running_Strafe_Left"

[sub_resource type="AnimationNodeAnimation" id="AnimationNodeAnimation_otndv"]
animation = &"Walking_Backwards"

[sub_resource type="AnimationNodeBlendSpace2D" id="AnimationNodeBlendSpace2D_xdnas"]
blend_point_0/node = SubResource("AnimationNodeAnimation_lvda8")
blend_point_0/pos = Vector2(0, 0)
blend_point_1/node = SubResource("AnimationNodeAnimation_4g1mt")
blend_point_1/pos = Vector2(0, 1)
blend_point_2/node = SubResource("AnimationNodeAnimation_o583c")
blend_point_2/pos = Vector2(1, 0)
blend_point_3/node = SubResource("AnimationNodeAnimation_vhrh7")
blend_point_3/pos = Vector2(-1, 0)
blend_point_4/node = SubResource("AnimationNodeAnimation_otndv")
blend_point_4/pos = Vector2(0, -0.9)

[sub_resource type="AnimationNodeAnimation" id="AnimationNodeAnimation_cxkd8"]
animation = &"Interact"

[sub_resource type="AnimationNodeAnimation" id="AnimationNodeAnimation_nyfb2"]
animation = &"Jump_Idle"

[sub_resource type="AnimationNodeAnimation" id="AnimationNodeAnimation_nkhfe"]
animation = &"Jump_Land"

[sub_resource type="AnimationNodeAnimation" id="AnimationNodeAnimation_0rup4"]
animation = &"Jump_Start"

[sub_resource type="AnimationNodeStateMachineTransition" id="AnimationNodeStateMachineTransition_w4ftl"]
advance_mode = 2

[sub_resource type="AnimationNodeStateMachineTransition" id="AnimationNodeStateMachineTransition_7idyb"]
advance_mode = 2
advance_condition = &"jumping"

[sub_resource type="AnimationNodeStateMachineTransition" id="AnimationNodeStateMachineTransition_enyi0"]
switch_mode = 2
advance_mode = 2

[sub_resource type="AnimationNodeStateMachineTransition" id="AnimationNodeStateMachineTransition_c7eea"]
advance_mode = 2
advance_condition = &"grounded"

[sub_resource type="AnimationNodeStateMachineTransition" id="AnimationNodeStateMachineTransition_lhkeq"]
switch_mode = 2
advance_mode = 2

[sub_resource type="AnimationNodeStateMachineTransition" id="AnimationNodeStateMachineTransition_k43tw"]

[sub_resource type="AnimationNodeStateMachineTransition" id="AnimationNodeStateMachineTransition_eoi4x"]
switch_mode = 2
advance_mode = 2

[sub_resource type="AnimationNodeStateMachineTransition" id="AnimationNodeStateMachineTransition_8jmjy"]

[sub_resource type="AnimationNodeStateMachineTransition" id="AnimationNodeStateMachineTransition_m168k"]

[sub_resource type="AnimationNodeStateMachineTransition" id="AnimationNodeStateMachineTransition_sof2m"]
switch_mode = 2
advance_mode = 2

[sub_resource type="AnimationNodeStateMachine" id="AnimationNodeStateMachine_dp5j5"]
states/1H_Melee_Attack_Slice_Diagonal/node = SubResource("AnimationNodeAnimation_3i1p7")
states/1H_Melee_Attack_Slice_Diagonal/position = Vector2(464, 46)
states/IWR/node = SubResource("AnimationNodeBlendSpace2D_xdnas")
states/IWR/position = Vector2(300, 135)
states/Interact/node = SubResource("AnimationNodeAnimation_cxkd8")
states/Interact/position = Vector2(211, 46)
states/Jump_Idle/node = SubResource("AnimationNodeAnimation_nyfb2")
states/Jump_Idle/position = Vector2(326, 213)
states/Jump_Land/node = SubResource("AnimationNodeAnimation_nkhfe")
states/Jump_Land/position = Vector2(477, 213)
states/Jump_Start/node = SubResource("AnimationNodeAnimation_0rup4")
states/Jump_Start/position = Vector2(178, 213)
states/Start/position = Vector2(91, 135)
transitions = ["Start", "IWR", SubResource("AnimationNodeStateMachineTransition_w4ftl"), "IWR", "Jump_Start", SubResource("AnimationNodeStateMachineTransition_7idyb"), "Jump_Start", "Jump_Idle", SubResource("AnimationNodeStateMachineTransition_enyi0"), "Jump_Idle", "Jump_Land", SubResource("AnimationNodeStateMachineTransition_c7eea"), "Jump_Land", "IWR", SubResource("AnimationNodeStateMachineTransition_lhkeq"), "IWR", "Jump_Idle", SubResource("AnimationNodeStateMachineTransition_k43tw"), "Interact", "IWR", SubResource("AnimationNodeStateMachineTransition_eoi4x"), "IWR", "Interact", SubResource("AnimationNodeStateMachineTransition_8jmjy"), "IWR", "1H_Melee_Attack_Slice_Diagonal", SubResource("AnimationNodeStateMachineTransition_m168k"), "1H_Melee_Attack_Slice_Diagonal", "IWR", SubResource("AnimationNodeStateMachineTransition_sof2m")]

[node name="Knight" instance=ExtResource("1_ycxol")]
script = ExtResource("2_frb1n")

[node name="Skeleton3D" parent="Rig" index="0"]
transform = Transform3D(-1, 0, -8.74228e-08, 0, 1, 0, 8.74228e-08, 0, -1, 0, 0, 0)
bones/0/rotation = Quaternion(-2.88301e-11, 0.000837891, 4.99351e-11, 1)
bones/1/position = Vector3(-6.80506e-19, 0.391141, -1.62245e-25)
bones/1/rotation = Quaternion(0.000151312, 0.0428667, -0.00011794, 0.999081)
bones/2/rotation = Quaternion(0.00017578, 0.00131053, 0.000148286, 0.999999)
bones/3/rotation = Quaternion(8.47701e-05, -0.000243453, 0.000350971, 1)
bones/4/position = Vector3(0.212005, 0.134116, -7.79155e-05)
bones/4/rotation = Quaternion(-0.55994, -0.0623209, -0.645111, 0.516154)
bones/4/scale = Vector3(0.999999, 0.999999, 1)
bones/5/rotation = Quaternion(2.45783e-08, -4.36908e-08, -0.492863, 0.870107)
bones/6/rotation = Quaternion(-9.73784e-11, -2.98437e-10, 0.0266581, 0.999645)
bones/6/scale = Vector3(1, 1, 1)
bones/7/rotation = Quaternion(-0.32045, -0.325369, 0.143043, 0.878058)
bones/8/rotation = Quaternion(0.000154005, 0.000303304, -0.705963, 0.708249)
bones/8/scale = Vector3(1, 1, 1)
bones/14/position = Vector3(-0.21197, 0.134097, -6.48472e-05)
bones/14/rotation = Quaternion(-0.618581, 0.0821701, 0.617719, 0.47857)
bones/14/scale = Vector3(0.999999, 0.999999, 1)
bones/15/rotation = Quaternion(2.89741e-08, 4.59361e-08, 0.515938, 0.856626)
bones/16/rotation = Quaternion(-9.73784e-11, 2.98437e-10, -0.0266581, 0.999645)
bones/16/scale = Vector3(1, 1, 1)
bones/17/rotation = Quaternion(-0.317245, 0.302076, -0.224472, 0.87047)
bones/18/rotation = Quaternion(0.000268359, 0.0006684, 0.706124, 0.708088)
bones/18/scale = Vector3(1, 1, 1)
bones/19/rotation = Quaternion(1.32707e-07, 1, -1.03316e-07, -2.27651e-09)
bones/20/rotation = Quaternion(1.40073e-07, 1, -1.03316e-07, -9.11951e-09)
bones/21/rotation = Quaternion(-1.22753e-05, -0.0313077, 0.000115198, 0.99951)
bones/23/rotation = Quaternion(4.44848e-36, -7.10543e-15, -6.26068e-22, 1)
bones/24/position = Vector3(0.170945, 0.113587, 0.000249776)
bones/24/rotation = Quaternion(0.993694, 0.0829765, 0.073523, 0.016804)
bones/24/scale = Vector3(1, 1, 1)
bones/25/rotation = Quaternion(0.20639, 6.40363e-08, -1.35974e-07, 0.97847)
bones/26/rotation = Quaternion(-0.523287, -0.207973, 0.0442989, 0.8252)
bones/27/rotation = Quaternion(-3.04972e-08, 0.920355, -0.391084, 6.94956e-08)
bones/27/scale = Vector3(1, 1, 1)
bones/28/position = Vector3(-0.170945, 0.113522, -0.00025006)
bones/28/rotation = Quaternion(0.997208, -0.0293442, 0.0312504, 0.0611383)
bones/28/scale = Vector3(1, 1, 1)
bones/29/rotation = Quaternion(0.283717, -6.38998e-08, 1.9742e-07, 0.958908)
bones/30/rotation = Quaternion(-0.562593, 0.113685, -0.0089995, 0.818831)
bones/31/rotation = Quaternion(3.03133e-08, 0.919953, -0.392028, -6.94947e-08)
bones/31/scale = Vector3(1, 1, 1)
bones/32/position = Vector3(0.170945, 0.29232, 0.575822)
bones/32/rotation = Quaternion(0.707107, -2.29302e-07, -4.60552e-08, 0.707107)
bones/33/position = Vector3(0.201979, 0.0269731, 0.206704)
bones/33/rotation = Quaternion(-0.708146, -7.04222e-08, -7.06473e-08, 0.706066)
bones/34/rotation = Quaternion(9.59579e-09, 1.7681e-09, 0.985904, -0.167314)
bones/35/rotation = Quaternion(-1.04035e-07, 0.391084, 0.920355, -2.9526e-08)
bones/35/scale = Vector3(1, 1, 1)
bones/36/scale = Vector3(1, 1, 1)
bones/37/rotation = Quaternion(1, -2.31998e-11, 1.94708e-07, 2.98028e-12)
bones/39/position = Vector3(-0.170945, 0.29232, 0.575822)
bones/39/rotation = Quaternion(0.707107, -3.82385e-08, 1.45009e-07, 0.707107)
bones/40/position = Vector3(-0.170945, 0.0258937, 0.242898)
bones/40/rotation = Quaternion(-0.70434, -7.08332e-08, -7.02245e-08, 0.709863)
bones/41/rotation = Quaternion(-5.78658e-09, 6.38496e-10, 0.994877, 0.101098)
bones/42/rotation = Quaternion(-1.04035e-07, 0.391084, 0.920355, -2.95261e-08)
bones/42/scale = Vector3(1, 1, 1)
bones/43/rotation = Quaternion(-0.391084, -6.885e-08, -6.56288e-08, 0.920355)
bones/43/scale = Vector3(1, 1, 1)
bones/46/position = Vector3(0.454523, 1.10502, -0.589308)
bones/46/rotation = Quaternion(-0.707107, -0.000197538, -0.000197538, 0.707107)
bones/47/position = Vector3(0.520588, 0.787135, -0.0572757)
bones/47/rotation = Quaternion(0.795125, 0.0021803, 0.606441, 0.00134913)
bones/48/position = Vector3(-0.453115, 1.10534, -0.59063)
bones/48/rotation = Quaternion(-0.707107, -0.000197538, -0.000197538, 0.707107)
bones/49/position = Vector3(-0.510863, 0.787292, 0.060756)
bones/49/rotation = Quaternion(-0.760191, 0.00318219, 0.649691, -0.00122288)

[node name="1H_Sword_Offhand" parent="Rig/Skeleton3D" index="0"]
transform = Transform3D(-0.00159408, 0.263856, 0.96456, 0.999996, 0.00214702, 0.00106573, -0.00178947, 0.964559, -0.263858, 0.51276, 0.635564, -0.00223918)

[node name="Badge_Shield" parent="Rig/Skeleton3D" index="1"]
transform = Transform3D(-0.00159405, 0.263856, 0.96456, 0.999996, 0.00214448, 0.0010664, -0.00178685, 0.964559, -0.263858, 0.66312, 0.63573, -0.0433709)

[node name="Rectangle_Shield" parent="Rig/Skeleton3D" index="2"]
transform = Transform3D(-0.00159405, 0.263856, 0.96456, 0.999996, 0.00214448, 0.0010664, -0.00178685, 0.964559, -0.263858, 0.66312, 0.63573, -0.0433709)

[node name="Round_Shield" parent="Rig/Skeleton3D" index="3"]
transform = Transform3D(-0.00159405, 0.263856, 0.96456, 0.999996, 0.00214448, 0.0010664, -0.00178685, 0.964559, -0.263858, 0.66312, 0.63573, -0.0433709)

[node name="Spike_Shield" parent="Rig/Skeleton3D" index="4"]
transform = Transform3D(-0.00159405, 0.263856, 0.96456, 0.999996, 0.00214448, 0.0010664, -0.00178685, 0.964559, -0.263858, 0.66312, 0.63573, -0.0433709)

[node name="1H_Sword" parent="Rig/Skeleton3D" index="5"]
transform = Transform3D(0.00390747, -0.151761, 0.988409, 0.999986, 0.00386368, -0.00336026, -0.00330866, 0.988409, 0.151774, -0.497388, 0.63983, 0.141873)

[node name="2H_Sword" parent="Rig/Skeleton3D" index="6"]
transform = Transform3D(0.00390745, -0.151761, 0.988409, 0.999986, 0.00386367, -0.00336025, -0.00330865, 0.988409, 0.151774, -0.497388, 0.63983, 0.141873)

[node name="Knight_Helmet" parent="Rig/Skeleton3D" index="7"]
transform = Transform3D(0.999637, -0.000930461, 0.0269406, 0.000954073, 0.999999, -0.00086361, -0.0269398, 0.000889, 0.999637, -0.000121507, 1.20137, 0.00052574)

[node name="Knight_Cape" parent="Rig/Skeleton3D" index="8"]
transform = Transform3D(0.995991, -0.000699027, 0.0894499, 0.000776738, 0.999999, -0.000833959, -0.0894493, 0.000900094, 0.995991, -0.000127903, 1.20137, 0.000525438)

[node name="CollisionShape3D" type="CollisionShape3D" parent="." index="1"]
transform = Transform3D(1, 0, 0, 0, 1, 0, 0, 0, 1, 0, 1.2, 0)
shape = SubResource("CapsuleShape3D_hkoki")

[node name="AnimationTree" type="AnimationTree" parent="." index="3"]
tree_root = SubResource("AnimationNodeStateMachine_dp5j5")
anim_player = NodePath("../AnimationPlayer")
parameters/conditions/grounded = false
parameters/conditions/jumping = false
parameters/IWR/blend_position = Vector2(-0.00160003, -0.00440526)

[node name="SpringArm3D" type="SpringArm3D" parent="." index="4"]
transform = Transform3D(1, 0, 0, 0, 1, 0, 0, 0, 1, 0, 2.5, 0)
spring_length = 5.0
margin = 0.1

[node name="Camera3D" type="Camera3D" parent="SpringArm3D" index="0"]
